time	V(mreal)	V(vc)	V(vinput)	V(vobser)	V(vtest)
0.000000000000000e+000	1.000000e+000	1.816683e-002	-5.183219e-001	1.290293e-001	2.000000e+006
9.999999717180685e-010	1.000000e+000	1.816683e-002	-5.183219e-001	1.290293e-001	2.000000e+006
1.999999943436137e-009	1.000000e+000	1.816683e-002	-5.183219e-001	1.290293e-001	2.000000e+006
1.599999954748910e-008	1.000000e+000	1.816683e-002	-5.183219e-001	1.290293e-001	2.000000e+006
6.399999818995639e-008	1.000000e+000	1.816683e-002	-5.183219e-001	1.290295e-001	2.000000e+006
1.279999963799128e-007	1.000000e+000	1.816683e-002	-5.183219e-001	1.290298e-001	2.000000e+006
2.559999927598256e-007	1.000000e+000	1.816683e-002	-5.183219e-001	1.290302e-001	2.000000e+006
5.119999855196511e-007	1.000000e+000	1.816683e-002	-5.183219e-001	1.290306e-001	2.000000e+006
1.023999971039302e-006	1.000000e+000	1.816683e-002	-5.183219e-001	1.290310e-001	2.000000e+006
2.047999942078604e-006	1.000000e+000	1.816683e-002	-5.183219e-001	1.290315e-001	2.000000e+006
4.095999884157209e-006	1.000000e+000	1.816683e-002	-5.183219e-001	1.290318e-001	2.000000e+006
8.191999768314418e-006	1.000000e+000	1.816683e-002	-5.183219e-001	1.290318e-001	2.000000e+006
1.638399953662884e-005	1.000000e+000	1.816683e-002	-5.183219e-001	1.290318e-001	2.000000e+006
3.276799907325767e-005	1.000000e+000	1.816683e-002	-5.183219e-001	1.290318e-001	2.000000e+006
6.553599814651534e-005	1.000000e+000	1.816683e-002	-5.183219e-001	1.290318e-001	2.000000e+006
5.242879851721227e-004	1.000000e+000	1.816683e-002	-5.183219e-001	1.290318e-001	2.000000e+006
1.048575970344245e-003	1.000000e+000	1.816683e-002	-5.183219e-001	1.290319e-001	2.000000e+006
1.170646282844245e-003	1.000000e+000	1.816683e-002	-5.183219e-001	1.290319e-001	2.000000e+006
1.414786907844245e-003	1.000000e+000	1.816683e-002	-5.183219e-001	1.290318e-001	2.000000e+006
4.500000000000000e-002	1.000000e+000	1.816683e-002	-5.183219e-001	1.290318e-001	2.000000e+006
4.529296875000000e-002	1.000000e+000	1.816823e-002	-5.183082e-001	1.290318e-001	1.885449e+006
4.568359375000000e-002	1.000000e+000	1.817413e-002	-5.182493e-001	1.290319e-001	1.732715e+006
4.646484375000000e-002	1.000000e+000	1.820149e-002	-5.179765e-001	1.290319e-001	1.427246e+006
4.744140625000000e-002	1.000000e+000	1.827603e-002	-5.172327e-001	1.290319e-001	1.045410e+006
4.841796875000000e-002	1.000000e+000	1.845976e-002	-5.153998e-001	1.290320e-001	6.635742e+005
4.939453125000000e-002	1.000000e+000	1.916977e-002	-5.083361e-001	1.290327e-001	2.817383e+005
5.000000000000000e-002	1.000000e+000	2.026781e-002	-4.974244e-001	1.290342e-001	4.500000e+004
5.009765625000000e-002	1.000000e+000	2.068622e-002	-4.932406e-001	1.290342e-001	4.500000e+004
5.029296875000000e-002	1.000000e+000	2.152211e-002	-4.848819e-001	1.290343e-001	4.500000e+004
5.171595982142857e-002	1.000000e+000	2.757348e-002	-4.243682e-001	1.290338e-001	4.500000e+004
5.313895089285715e-002	1.000000e+000	3.356151e-002	-3.644877e-001	1.290340e-001	4.500000e+004
5.456194196428572e-002	1.000000e+000	3.948622e-002	-3.052406e-001	1.290350e-001	4.500000e+004
5.598493303571429e-002	1.000000e+000	4.534759e-002	-2.466268e-001	1.290367e-001	4.500000e+004
5.740792410714286e-002	1.000000e+000	5.114563e-002	-1.886463e-001	1.290391e-001	4.500000e+004
5.883091517857143e-002	1.000000e+000	5.688035e-002	-1.312990e-001	1.290423e-001	4.500000e+004
6.025390625000000e-002	1.000000e+000	6.255173e-002	-7.458512e-002	1.290462e-001	4.500000e+004
6.123046875000000e-002	1.000000e+000	6.640861e-002	-3.601627e-002	1.290491e-001	4.500000e+004
6.220703125000000e-002	1.000000e+000	7.023669e-002	2.264520e-003	1.290498e-001	4.500000e+004
6.318359375000000e-002	1.000000e+000	7.403617e-002	4.025940e-002	1.290418e-001	4.500000e+004
6.416015625000000e-002	1.000000e+000	7.780728e-002	7.797050e-002	1.290272e-001	4.500000e+004
6.513671875000000e-002	1.000000e+000	8.155022e-002	1.153999e-001	1.290222e-001	4.500000e+004
6.806640625000000e-002	1.000000e+000	9.261213e-002	2.260193e-001	1.290272e-001	4.500000e+004
6.890345982142858e-002	1.000000e+000	9.572694e-002	2.571674e-001	1.290278e-001	4.500000e+004
6.974051339285714e-002	1.000000e+000	9.882211e-002	2.881191e-001	1.290282e-001	4.500000e+004
7.057756696428572e-002	1.000000e+000	1.018976e-001	3.188744e-001	1.290286e-001	4.500000e+004
7.141462053571429e-002	1.000000e+000	1.049535e-001	3.494334e-001	1.290290e-001	4.500000e+004
7.225167410714287e-002	1.000000e+000	1.079898e-001	3.797961e-001	1.290292e-001	4.500000e+004
7.308872767857143e-002	1.000000e+000	1.110064e-001	4.099623e-001	1.290295e-001	4.500000e+004
7.392578125000000e-002	1.000000e+000	1.140034e-001	4.399322e-001	1.290296e-001	4.500000e+004
7.490234375000000e-002	9.978901e-001	1.174760e-001	4.746582e-001	1.294788e-001	4.500000e+004
7.587890625000000e-002	9.912516e-001	1.209227e-001	5.091249e-001	1.309018e-001	4.500000e+004
7.685546875000000e-002	9.816725e-001	1.243436e-001	5.433341e-001	1.329790e-001	4.500000e+004
7.880859375000000e-002	9.597729e-001	1.311090e-001	6.109878e-001	1.378517e-001	4.500000e+004
7.978515625000000e-002	9.477215e-001	1.344587e-001	6.444849e-001	1.405969e-001	4.500000e+004
8.000000000000000e-002	9.449678e-001	1.351925e-001	6.518236e-001	1.412328e-001	4.500000e+004
8.009765625000000e-002	9.436783e-001	1.354197e-001	6.541151e-001	1.415316e-001	5.772786e+004
8.029296875000000e-002	9.410874e-001	1.357656e-001	6.575985e-001	1.421359e-001	8.318359e+004
8.068359375000000e-002	9.358705e-001	1.361502e-001	6.614674e-001	1.433632e-001	1.340950e+005
8.146484375000000e-002	9.253833e-001	1.364200e-001	6.641831e-001	1.458622e-001	2.359180e+005
8.244140625000000e-002	9.122603e-001	1.363747e-001	6.637397e-001	1.490433e-001	3.631966e+005
8.341796875000000e-002	8.991774e-001	1.361093e-001	6.610898e-001	1.522801e-001	4.904753e+005
8.439453125000000e-002	8.861754e-001	1.357282e-001	6.572808e-001	1.555664e-001	6.177539e+005
8.537109375000000e-002	8.732771e-001	1.352811e-001	6.528109e-001	1.588965e-001	7.450326e+005
8.634765625000000e-002	8.604960e-001	1.347913e-001	6.479148e-001	1.622666e-001	8.723112e+005
8.732421875000000e-002	8.478414e-001	1.342722e-001	6.427237e-001	1.656737e-001	9.995899e+005
8.830078125000000e-002	8.353194e-001	1.337316e-001	6.373191e-001	1.691156e-001	1.126869e+006
8.927734375000000e-002	8.229349e-001	1.331752e-001	6.317554e-001	1.725900e-001	1.254147e+006
9.025390625000000e-002	8.106911e-001	1.326067e-001	6.260706e-001	1.760950e-001	1.381426e+006
9.123046875000000e-002	7.985910e-001	1.320288e-001	6.202923e-001	1.796289e-001	1.508704e+006
9.220703125000000e-002	7.866364e-001	1.314437e-001	6.144415e-001	1.831898e-001	1.635983e+006
9.318359375000000e-002	7.748291e-001	1.308530e-001	6.085342e-001	1.867762e-001	1.763262e+006
9.500000000000000e-002	7.532259e-001	1.297439e-001	5.974443e-001	1.935036e-001	2.000000e+006
9.529296875000000e-002	7.497997e-001	1.295642e-001	5.956471e-001	1.945968e-001	2.000000e+006
1.003431919642857e-001	6.930489e-001	1.265159e-001	5.651642e-001	2.141832e-001	2.000000e+006
1.053934151785714e-001	6.399372e-001	1.235457e-001	5.354623e-001	2.336691e-001	2.000000e+006
1.104436383928572e-001	5.904644e-001	1.206536e-001	5.065414e-001	2.530543e-001	2.000000e+006
1.154938616071429e-001	5.446308e-001	1.178396e-001	4.784015e-001	2.723390e-001	2.000000e+006
1.205440848214286e-001	5.024361e-001	1.151037e-001	4.510427e-001	2.915231e-001	2.000000e+006
1.255943080357143e-001	4.638805e-001	1.124459e-001	4.244649e-001	3.106065e-001	2.000000e+006
1.306445312500000e-001	4.289639e-001	1.098662e-001	3.986681e-001	3.295894e-001	2.000000e+006
1.349693080357143e-001	4.016158e-001	1.077119e-001	3.771248e-001	3.450449e-001	2.000000e+006
1.392940848214286e-001	3.764968e-001	1.056054e-001	3.560600e-001	3.595558e-001	2.000000e+006
1.436188616071429e-001	3.536069e-001	1.035468e-001	3.354736e-001	3.731221e-001	2.000000e+006
1.479436383928572e-001	3.329462e-001	1.015360e-001	3.153657e-001	3.857438e-001	2.000000e+006
1.522684151785714e-001	3.145146e-001	9.957300e-002	2.957362e-001	3.974210e-001	2.000000e+006
1.565931919642857e-001	2.983121e-001	9.765789e-002	2.765852e-001	4.081535e-001	2.000000e+006
1.609179687500000e-001	2.843387e-001	9.579062e-002	2.579126e-001	4.179415e-001	2.000000e+006
1.639871651785714e-001	2.756167e-001	9.449111e-002	2.449175e-001	4.240225e-001	2.000000e+006
1.670563616071429e-001	2.678679e-001	9.321248e-002	2.321313e-001	4.294493e-001	2.000000e+006
1.701255580357143e-001	2.610923e-001	9.195475e-002	2.195540e-001	4.342219e-001	2.000000e+006
1.731947544642857e-001	2.552899e-001	9.071791e-002	2.071856e-001	4.383403e-001	2.000000e+006
1.762639508928572e-001	2.504608e-001	8.950195e-002	1.950262e-001	4.418044e-001	2.000000e+006
1.793331473214286e-001	2.466050e-001	8.830689e-002	1.830756e-001	4.446142e-001	2.000000e+006
1.824023437500000e-001	2.437223e-001	8.713272e-002	1.713339e-001	4.467699e-001	2.000000e+006
1.892382812500000e-001	2.404844e-001	8.458583e-002	1.458652e-001	4.491527e-001	2.000000e+006
1.902148437500000e-001	2.403794e-001	8.422975e-002	1.423044e-001	4.492303e-001	2.000000e+006
1.911914062500000e-001	2.403407e-001	8.387558e-002	1.387627e-001	4.492589e-001	2.000000e+006
1.921679687500000e-001	2.403348e-001	8.352330e-002	1.352400e-001	4.492634e-001	2.000000e+006
1.955161830357143e-001	2.403391e-001	8.233076e-002	1.233146e-001	4.492604e-001	2.000000e+006
1.988643973214286e-001	2.403434e-001	8.115903e-002	1.115973e-001	4.492575e-001	2.000000e+006
2.022126116071429e-001	2.403476e-001	8.000813e-002	1.000883e-001	4.492548e-001	2.000000e+006
2.055608258928572e-001	2.403519e-001	7.887804e-002	8.878754e-002	4.492521e-001	2.000000e+006
2.089090401785714e-001	2.403562e-001	7.776878e-002	7.769496e-002	4.492496e-001	2.000000e+006
2.122572544642857e-001	2.403605e-001	7.668034e-002	6.681061e-002	4.492472e-001	2.000000e+006
2.156054687500000e-001	2.403648e-001	7.561272e-002	5.613447e-002	4.492449e-001	2.000000e+006
2.175585937500000e-001	2.403673e-001	7.499842e-002	4.999152e-002	4.492421e-001	2.000000e+006
2.195117187500000e-001	2.403698e-001	7.439069e-002	4.391426e-002	4.492412e-001	2.000000e+006
2.214648437500000e-001	2.403723e-001	7.378963e-002	3.790367e-002	4.492411e-001	2.000000e+006
2.234179687500000e-001	2.403748e-001	7.319483e-002	3.195568e-002	4.492411e-001	2.000000e+006
2.253710937500000e-001	2.403773e-001	7.260629e-002	2.607029e-002	4.492411e-001	2.000000e+006
2.273242187500000e-001	2.403798e-001	7.202401e-002	2.024749e-002	4.492410e-001	2.000000e+006
2.292773437500000e-001	2.403823e-001	7.144799e-002	1.448729e-002	4.492410e-001	2.000000e+006
2.312304687500000e-001	2.403848e-001	7.087822e-002	8.789679e-003	4.492411e-001	2.000000e+006
2.331835937500000e-001	2.403873e-001	7.031472e-002	3.154665e-003	4.492411e-001	2.000000e+006
2.341601562500000e-001	2.403885e-001	7.003514e-002	3.589654e-004	4.492415e-001	2.000000e+006
2.351367187500000e-001	2.403898e-001	6.975707e-002	-2.421746e-003	4.492418e-001	2.000000e+006
2.361132812500000e-001	2.403910e-001	6.948049e-002	-5.187551e-003	4.492418e-001	2.000000e+006
2.382059151785714e-001	2.403937e-001	6.889299e-002	-1.106255e-002	4.492416e-001	2.000000e+006
2.402985491071429e-001	2.403964e-001	6.831203e-002	-1.687215e-002	4.492414e-001	2.000000e+006
2.423911830357143e-001	2.403991e-001	6.773761e-002	-2.261633e-002	4.492412e-001	2.000000e+006
2.444838169642857e-001	2.404017e-001	6.716972e-002	-2.829512e-002	4.492411e-001	2.000000e+006
2.465764508928571e-001	2.404044e-001	6.660838e-002	-3.390849e-002	4.492409e-001	2.000000e+006
2.486690848214286e-001	2.404071e-001	6.605358e-002	-3.945646e-002	4.492408e-001	2.000000e+006
2.507617187500000e-001	2.404097e-001	6.550533e-002	-4.493903e-002	4.492407e-001	2.000000e+006
2.517382812500000e-001	2.404110e-001	6.525154e-002	-4.747689e-002	4.492296e-001	2.000000e+006
2.527148437500000e-001	2.404123e-001	6.499912e-002	-5.000114e-002	4.492075e-001	2.000000e+006
2.536914062500000e-001	2.404135e-001	6.474804e-002	-5.251187e-002	4.491960e-001	2.000000e+006
2.556445312500000e-001	2.404160e-001	6.424993e-002	-5.749301e-002	4.491948e-001	2.000000e+006
2.566210937500000e-001	2.404411e-001	6.400286e-002	-5.996357e-002	4.491765e-001	2.000000e+006
2.575976562500000e-001	2.405616e-001	6.375714e-002	-6.242089e-002	4.490880e-001	2.000000e+006
2.605273437500000e-001	2.419986e-001	6.302781e-002	-6.971408e-002	4.480307e-001	2.000000e+006
2.634570312500000e-001	2.451415e-001	6.231016e-002	-7.689059e-002	4.457257e-001	2.000000e+006
2.661077008928571e-001	2.494805e-001	6.167108e-002	-8.328137e-002	4.424777e-001	2.000000e+006
2.687583705357143e-001	2.551257e-001	6.104093e-002	-8.958283e-002	4.383907e-001	2.000000e+006
2.714090401785714e-001	2.620770e-001	6.041971e-002	-9.579497e-002	4.334648e-001	2.000000e+006
2.740597098214286e-001	2.703345e-001	5.980742e-002	-1.019178e-001	4.276999e-001	2.000000e+006
2.767103794642857e-001	2.798982e-001	5.920407e-002	-1.079513e-001	4.210960e-001	2.000000e+006
2.793610491071428e-001	2.907681e-001	5.860965e-002	-1.138955e-001	4.136532e-001	2.000000e+006
2.820117187500000e-001	3.029441e-001	5.802416e-002	-1.197504e-001	4.053714e-001	2.000000e+006
2.838253348214285e-001	3.119772e-001	5.762837e-002	-1.237083e-001	3.993644e-001	2.000000e+006
2.856389508928571e-001	3.215685e-001	5.723639e-002	-1.276281e-001	3.931240e-001	2.000000e+006
2.874525669642857e-001	3.317180e-001	5.684823e-002	-1.315097e-001	3.866504e-001	2.000000e+006
2.892661830357143e-001	3.424257e-001	5.646388e-002	-1.353531e-001	3.799434e-001	2.000000e+006
2.910797991071428e-001	3.536916e-001	5.608336e-002	-1.391583e-001	3.730031e-001	2.000000e+006
2.928934151785714e-001	3.655157e-001	5.570665e-002	-1.429254e-001	3.658294e-001	2.000000e+006
2.947070312500000e-001	3.778980e-001	5.533376e-002	-1.466543e-001	3.584225e-001	2.000000e+006
2.950000000000000e-001	3.799372e-001	5.527379e-002	-1.472540e-001	3.572210e-001	2.000000e+006
2.950976562500000e-001	3.806253e-001	5.525410e-002	-1.474509e-001	3.568177e-001	1.961523e+006
2.952929687500000e-001	3.820060e-001	5.521540e-002	-1.478381e-001	3.560103e-001	1.884570e+006
2.956835937500000e-001	3.847886e-001	5.514174e-002	-1.485749e-001	3.543902e-001	1.730664e+006
2.964648437500000e-001	3.904170e-001	5.501040e-002	-1.498890e-001	3.511356e-001	1.422852e+006
2.974414062500000e-001	3.975385e-001	5.488750e-002	-1.511196e-001	3.470560e-001	1.038086e+006
2.984179687500000e-001	4.047065e-001	5.487791e-002	-1.512201e-001	3.429956e-001	6.533203e+005
2.993945312500000e-001	4.116993e-001	5.559518e-002	-1.441007e-001	3.390867e-001	2.685547e+005
3.000000000000000e-001	4.157595e-001	5.701392e-002	-1.300194e-001	3.368528e-001	3.000000e+004
3.000976562500000e-001	4.162470e-001	5.761534e-002	-1.240057e-001	3.365851e-001	3.000000e+004
3.002929687500000e-001	4.170804e-001	5.881665e-002	-1.119930e-001	3.361292e-001	3.000000e+004
3.006835937500000e-001	4.181603e-001	6.121172e-002	-8.804215e-002	3.355430e-001	3.000000e+004
3.014648437500000e-001	4.190693e-001	6.597731e-002	-4.038612e-002	3.350540e-001	3.000000e+004
3.024414062500000e-001	4.193147e-001	7.189357e-002	1.877684e-002	3.348881e-001	3.000000e+004
3.034179687500000e-001	4.193154e-001	7.776183e-002	7.745962e-002	3.348245e-001	3.000000e+004
3.043945312500000e-001	4.191488e-001	8.357994e-002	1.356409e-001	3.348975e-001	3.000000e+004
3.053710937500000e-001	4.183014e-001	8.934832e-002	1.933251e-001	3.353778e-001	3.000000e+004
3.063476562500000e-001	4.162375e-001	9.506742e-002	2.505163e-001	3.365236e-001	3.000000e+004
3.083007812500000e-001	4.078703e-001	1.063594e-001	3.634367e-001	3.411899e-001	3.000000e+004
3.102539062500000e-001	3.938960e-001	1.174593e-001	4.744355e-001	3.491210e-001	3.000000e+004
3.112304687500000e-001	3.848360e-001	1.229381e-001	5.292245e-001	3.543603e-001	3.000000e+004
3.122070312500000e-001	3.744099e-001	1.283702e-001	5.835453e-001	3.604867e-001	3.000000e+004
3.131835937500000e-001	3.626294e-001	1.337558e-001	6.374020e-001	3.675362e-001	3.000000e+004
3.141601562500000e-001	3.495060e-001	1.390955e-001	6.907984e-001	3.755517e-001	3.000000e+004
3.151367187500000e-001	3.350512e-001	1.443895e-001	7.437385e-001	3.845826e-001	3.000000e+004
3.161132812500000e-001	3.192764e-001	1.496382e-001	7.962263e-001	3.946861e-001	3.000000e+004
3.170898437500000e-001	3.021929e-001	1.548421e-001	8.482654e-001	4.059272e-001	3.000000e+004
3.180664062500000e-001	2.838119e-001	1.600016e-001	8.998599e-001	4.183799e-001	3.000000e+004
3.190429687500000e-001	2.641444e-001	1.651169e-001	9.510136e-001	4.321273e-001	3.000000e+004
3.200195312500000e-001	2.432015e-001	1.701886e-001	1.001730e+000	4.472630e-001	3.000000e+004
3.209960937500000e-001	2.209941e-001	1.752169e-001	1.052013e+000	4.638921e-001	3.000000e+004
3.219726562500000e-001	1.975330e-001	1.802022e-001	1.101866e+000	4.821318e-001	3.000000e+004
3.229492187500000e-001	1.728288e-001	1.851449e-001	1.151294e+000	5.021135e-001	3.000000e+004
3.239257812500000e-001	1.468923e-001	1.900454e-001	1.200299e+000	5.239836e-001	3.000000e+004
3.249023437500000e-001	1.197340e-001	1.949040e-001	1.248885e+000	5.479053e-001	3.000000e+004
3.258789062500000e-001	9.136426e-002	1.997211e-001	1.297056e+000	5.740609e-001	3.000000e+004
3.268554687500000e-001	6.179353e-002	2.044970e-001	1.344815e+000	6.026535e-001	3.000000e+004
3.278320312500000e-001	3.118639e-002	2.092322e-001	1.392166e+000	6.337408e-001	3.000000e+004
3.288085937500000e-001	7.831793e-003	2.139268e-001	1.439114e+000	6.582763e-001	3.000000e+004
3.297851562500000e-001	0.000000e+000	2.185814e-001	1.485660e+000	6.666572e-001	3.000000e+004
3.307617187500000e-001	0.000000e+000	2.231961e-001	1.531808e+000	6.666576e-001	3.000000e+004
3.346679687500000e-001	0.000000e+000	2.412642e-001	1.712490e+000	6.666583e-001	3.000000e+004
3.356445312500000e-001	0.000000e+000	2.456852e-001	1.756700e+000	6.666586e-001	3.000000e+004
3.366210937500000e-001	0.000000e+000	2.500683e-001	1.800531e+000	6.666588e-001	3.000000e+004
3.375976562500000e-001	0.000000e+000	2.544140e-001	1.843989e+000	6.666589e-001	3.000000e+004
3.391322544642857e-001	0.000000e+000	2.611651e-001	1.911500e+000	6.666592e-001	3.000000e+004
3.406668526785714e-001	0.000000e+000	2.678287e-001	1.978136e+000	6.666594e-001	3.000000e+004
3.422014508928571e-001	0.000000e+000	2.744049e-001	2.043898e+000	6.666596e-001	3.000000e+004
3.437360491071428e-001	0.000000e+000	2.808935e-001	2.108784e+000	6.666598e-001	3.000000e+004
3.452706473214285e-001	0.000000e+000	2.872946e-001	2.172796e+000	6.666600e-001	3.000000e+004
3.468052455357143e-001	0.000000e+000	2.936082e-001	2.235932e+000	6.666602e-001	3.000000e+004
3.483398437500000e-001	0.000000e+000	2.998344e-001	2.298194e+000	6.666603e-001	3.000000e+004
3.493164062500000e-001	0.000000e+000	3.037573e-001	2.337424e+000	6.666605e-001	3.000000e+004
3.500000000000000e-001	0.000000e+000	3.064875e-001	2.364724e+000	6.666217e-001	3.000000e+004
3.500976562500000e-001	0.000000e+000	3.065444e-001	2.365355e+000	6.666495e-001	6.847656e+004
3.502929687500000e-001	0.000000e+000	3.065323e-001	2.365282e+000	6.666641e-001	1.454297e+005
3.506835937500000e-001	0.000000e+000	3.062221e-001	2.362202e+000	6.666648e-001	2.993359e+005
3.514648437500000e-001	0.000000e+000	3.052649e-001	2.352639e+000	6.666652e-001	6.071484e+005
3.524414062500000e-001	0.000000e+000	3.038864e-001	2.338859e+000	6.666653e-001	9.919141e+005
3.534179687500000e-001	0.000000e+000	3.024252e-001	2.324248e+000	6.666654e-001	1.376680e+006
3.543945312500000e-001	0.000000e+000	3.009303e-001	2.309300e+000	6.666654e-001	1.761445e+006
3.550000000000000e-001	0.000000e+000	2.999953e-001	2.299952e+000	6.666659e-001	2.000000e+006
3.550976562500000e-001	0.000000e+000	2.998439e-001	2.298437e+000	6.666656e-001	2.000000e+006
3.552929687500000e-001	0.000000e+000	2.995414e-001	2.295411e+000	6.666654e-001	2.000000e+006
3.600641741071429e-001	0.000000e+000	2.922603e-001	2.222601e+000	6.666654e-001	2.000000e+006
3.648353794642857e-001	0.000000e+000	2.851562e-001	2.151560e+000	6.666654e-001	2.000000e+006
3.696065848214286e-001	0.000000e+000	2.782291e-001	2.082289e+000	6.666654e-001	2.000000e+006
3.743777901785714e-001	0.000000e+000	2.714790e-001	2.014788e+000	6.666654e-001	2.000000e+006
3.791489955357143e-001	0.000000e+000	2.649058e-001	1.949057e+000	6.666655e-001	2.000000e+006
3.839202008928572e-001	0.000000e+000	2.585097e-001	1.885096e+000	6.666655e-001	2.000000e+006
3.886914062500000e-001	0.000000e+000	2.522906e-001	1.822905e+000	6.666655e-001	2.000000e+006
3.896679687500000e-001	0.000000e+000	2.510354e-001	1.810353e+000	6.666655e-001	2.000000e+006
3.906445312500000e-001	0.000000e+000	2.497870e-001	1.797869e+000	6.666655e-001	2.000000e+006
3.916210937500000e-001	0.000000e+000	2.485452e-001	1.785452e+000	6.666655e-001	2.000000e+006
4.061300223214286e-001	0.000000e+000	2.310927e-001	1.610927e+000	6.666655e-001	2.000000e+006
4.206389508928571e-001	0.000000e+000	2.147596e-001	1.447597e+000	6.666656e-001	2.000000e+006
4.351478794642857e-001	0.000000e+000	1.995459e-001	1.295461e+000	6.666656e-001	2.000000e+006
4.496568080357143e-001	0.000000e+000	1.854516e-001	1.154519e+000	6.666657e-001	2.000000e+006
4.641657366071429e-001	0.000000e+000	1.724768e-001	1.024771e+000	6.666658e-001	2.000000e+006
4.786746651785714e-001	0.000000e+000	1.606213e-001	9.062165e-001	6.666658e-001	2.000000e+006
4.931835937500000e-001	0.000000e+000	1.498852e-001	7.988564e-001	6.666659e-001	2.000000e+006
5.057393973214286e-001	0.000000e+000	1.411775e-001	7.117794e-001	6.666660e-001	2.000000e+006
5.182952008928572e-001	0.000000e+000	1.329665e-001	6.296699e-001	6.666661e-001	2.000000e+006
5.308510044642857e-001	0.000000e+000	1.252523e-001	5.525279e-001	6.666662e-001	2.000000e+006
5.434068080357143e-001	0.000000e+000	1.180348e-001	4.803535e-001	6.666664e-001	2.000000e+006
5.559626116071429e-001	0.000000e+000	1.113141e-001	4.131467e-001	6.666667e-001	2.000000e+006
5.685184151785714e-001	0.000000e+000	1.050901e-001	3.509074e-001	6.666669e-001	2.000000e+006
5.810742187500000e-001	0.000000e+000	9.936294e-002	2.936356e-001	6.666672e-001	2.000000e+006
5.901422991071429e-001	0.000000e+000	9.543119e-002	2.543183e-001	6.666670e-001	2.000000e+006
5.992103794642857e-001	0.000000e+000	9.166981e-002	2.167046e-001	6.666673e-001	2.000000e+006
6.082784598214286e-001	0.000000e+000	8.807880e-002	1.807947e-001	6.666681e-001	2.000000e+006
6.173465401785714e-001	0.000000e+000	8.465816e-002	1.465886e-001	6.666694e-001	2.000000e+006
6.264146205357143e-001	0.000000e+000	8.140790e-002	1.140861e-001	6.666712e-001	2.000000e+006
6.354827008928572e-001	0.000000e+000	7.832802e-002	8.328734e-002	6.666735e-001	2.000000e+006
6.445507812500000e-001	0.000000e+000	7.541850e-002	5.419231e-002	6.666763e-001	2.000000e+006
6.469224330357143e-001	0.000000e+000	7.467625e-002	4.676983e-002	6.666767e-001	2.000000e+006
6.492940848214286e-001	0.000000e+000	7.394332e-002	3.944059e-002	6.666771e-001	2.000000e+006
6.516657366071429e-001	0.000000e+000	7.321972e-002	3.220458e-002	6.666773e-001	2.000000e+006
6.540373883928571e-001	0.000000e+000	7.250544e-002	2.506181e-002	6.666775e-001	2.000000e+006
6.564090401785714e-001	0.000000e+000	7.180048e-002	1.801227e-002	6.666776e-001	2.000000e+006
6.587806919642857e-001	0.000000e+000	7.110485e-002	1.105596e-002	6.666775e-001	2.000000e+006
6.611523437500000e-001	0.000000e+000	7.041854e-002	4.192889e-003	6.666774e-001	2.000000e+006
6.621289062500000e-001	0.000000e+000	7.013841e-002	1.391623e-003	6.666775e-001	2.000000e+006
6.631054687500000e-001	0.000000e+000	6.985979e-002	-1.394624e-003	6.666775e-001	2.000000e+006
6.640820312500000e-001	0.000000e+000	6.958266e-002	-4.165935e-003	6.666773e-001	2.000000e+006
6.670117187500000e-001	0.000000e+000	6.876013e-002	-1.239104e-002	6.666769e-001	2.000000e+006
6.688253348214286e-001	0.000000e+000	6.825769e-002	-1.741548e-002	6.666768e-001	2.000000e+006
6.706389508928571e-001	0.000000e+000	6.776011e-002	-2.239122e-002	6.666767e-001	2.000000e+006
6.724525669642857e-001	0.000000e+000	6.726741e-002	-2.731826e-002	6.666766e-001	2.000000e+006
6.742661830357143e-001	0.000000e+000	6.677957e-002	-3.219661e-002	6.666765e-001	2.000000e+006
6.760797991071429e-001	0.000000e+000	6.629661e-002	-3.702626e-002	6.666763e-001	2.000000e+006
6.778934151785714e-001	0.000000e+000	6.581851e-002	-4.180721e-002	6.666762e-001	2.000000e+006
6.797070312500000e-001	0.000000e+000	6.534528e-002	-4.653946e-002	6.666761e-001	2.000000e+006
6.806835937500000e-001	0.000000e+000	6.509236e-002	-4.906875e-002	6.666704e-001	2.000000e+006
6.816601562500000e-001	0.000000e+000	6.484078e-002	-5.158447e-002	6.666593e-001	2.000000e+006
6.826367187500000e-001	0.000000e+000	6.459055e-002	-5.408671e-002	6.666541e-001	2.000000e+006
6.854268973214286e-001	0.000000e+000	6.388339e-002	-6.115827e-002	6.666552e-001	2.000000e+006
6.882170758928571e-001	0.000000e+000	6.318661e-002	-6.812602e-002	6.666562e-001	2.000000e+006
6.910072544642857e-001	0.000000e+000	6.250022e-002	-7.498997e-002	6.666571e-001	2.000000e+006
6.937974330357143e-001	0.000000e+000	6.182420e-002	-8.175012e-002	6.666579e-001	2.000000e+006
6.965876116071429e-001	0.000000e+000	6.115856e-002	-8.840646e-002	6.666585e-001	2.000000e+006
6.993777901785714e-001	0.000000e+000	6.050331e-002	-9.495899e-002	6.666589e-001	2.000000e+006
7.021679687500000e-001	0.000000e+000	5.985843e-002	-1.014077e-001	6.666592e-001	2.000000e+006
7.031445312500000e-001	4.485359e-004	5.963492e-002	-1.036429e-001	6.661704e-001	2.000000e+006
7.041210937500000e-001	2.269294e-003	5.941260e-002	-1.058660e-001	6.641874e-001	2.000000e+006
7.050976562500000e-001	5.532229e-003	5.919148e-002	-1.080772e-001	6.606424e-001	2.000000e+006
7.060742187500000e-001	9.400098e-003	5.897154e-002	-1.102766e-001	6.564603e-001	2.000000e+006
7.070507812500000e-001	1.344039e-002	5.875278e-002	-1.124642e-001	6.521200e-001	2.000000e+006
7.080273437500000e-001	1.765219e-002	5.853520e-002	-1.146400e-001	6.476260e-001	2.000000e+006
7.090039062500000e-001	2.203456e-002	5.831878e-002	-1.168042e-001	6.429828e-001	2.000000e+006
7.099804687500000e-001	2.658660e-002	5.810352e-002	-1.189568e-001	6.381952e-001	2.000000e+006
7.109570312500000e-001	3.130740e-002	5.788941e-002	-1.210979e-001	6.332676e-001	2.000000e+006
7.129101562500000e-001	4.125164e-002	5.746464e-002	-1.253456e-001	6.230119e-001	2.000000e+006
7.148632812500000e-001	5.186010e-002	5.704441e-002	-1.295479e-001	6.122542e-001	2.000000e+006
7.168164062500000e-001	6.312567e-002	5.662867e-002	-1.337052e-001	6.010333e-001	2.000000e+006
7.197460937500000e-001	8.124077e-002	5.601338e-002	-1.398581e-001	5.834196e-001	2.000000e+006
7.226757812500000e-001	1.007951e-001	5.540794e-002	-1.459125e-001	5.649852e-001	2.000000e+006
7.256054687500000e-001	1.217658e-001	5.481218e-002	-1.518700e-001	5.458622e-001	2.000000e+006
7.296512276785714e-001	1.531500e-001	5.400605e-002	-1.599313e-001	5.178654e-001	2.000000e+006
7.336969866071429e-001	1.869937e-001	5.321674e-002	-1.678244e-001	4.898557e-001	2.000000e+006
7.377427455357143e-001	2.232970e-001	5.244426e-002	-1.755492e-001	4.618331e-001	2.000000e+006
7.417885044642857e-001	2.620598e-001	5.168859e-002	-1.831058e-001	4.337975e-001	2.000000e+006
7.458342633928572e-001	3.032822e-001	5.094975e-002	-1.904942e-001	4.057490e-001	2.000000e+006
7.498800223214286e-001	3.469641e-001	5.022772e-002	-1.977144e-001	3.776876e-001	2.000000e+006
7.539257812500000e-001	3.931056e-001	4.952252e-002	-2.047664e-001	3.496132e-001	2.000000e+006
7.576925223214286e-001	4.380796e-001	4.887973e-002	-2.111943e-001	3.245921e-001	2.000000e+006
7.614592633928571e-001	4.848873e-001	4.824949e-002	-2.174967e-001	3.005828e-001	2.000000e+006
7.652260044642857e-001	5.335288e-001	4.763179e-002	-2.236737e-001	2.775853e-001	2.000000e+006
7.689927455357143e-001	5.840039e-001	4.702663e-002	-2.297252e-001	2.555996e-001	2.000000e+006
7.727594866071429e-001	6.363128e-001	4.643401e-002	-2.356514e-001	2.346257e-001	2.000000e+006
7.765262276785714e-001	6.904554e-001	4.585394e-002	-2.414521e-001	2.146637e-001	2.000000e+006
7.802929687500000e-001	7.464316e-001	4.528641e-002	-2.471273e-001	1.957135e-001	2.000000e+006
7.823856026785714e-001	7.782306e-001	4.497592e-002	-2.502323e-001	1.857669e-001	2.000000e+006
7.844782366071429e-001	8.105349e-001	4.466887e-002	-2.533027e-001	1.761708e-001	2.000000e+006
7.865708705357143e-001	8.433446e-001	4.436529e-002	-2.563386e-001	1.669253e-001	2.000000e+006
7.886635044642857e-001	8.766595e-001	4.406516e-002	-2.593398e-001	1.580302e-001	2.000000e+006
7.907561383928571e-001	9.104797e-001	4.376849e-002	-2.623065e-001	1.494858e-001	2.000000e+006
7.928487723214286e-001	9.448053e-001	4.347527e-002	-2.652387e-001	1.412918e-001	2.000000e+006
7.949414062500000e-001	9.796362e-001	4.318551e-002	-2.681362e-001	1.334484e-001	2.000000e+006
7.959179687500000e-001	9.929144e-001	4.305138e-002	-2.694775e-001	1.305556e-001	2.000000e+006
7.968945312500000e-001	9.990060e-001	4.291798e-002	-2.708116e-001	1.292436e-001	2.000000e+006
7.978710937500000e-001	1.000000e+000	4.278528e-002	-2.721385e-001	1.290317e-001	2.000000e+006
7.988476562500000e-001	1.000000e+000	4.265324e-002	-2.734590e-001	1.290317e-001	2.000000e+006
7.994675088407265e-001	1.000000e+000	4.256980e-002	-2.742933e-001	1.290317e-001	2.000000e+006
8.002163450740238e-001	1.000000e+000	4.246941e-002	-2.752972e-001	1.290317e-001	2.000000e+006
8.007328065090371e-001	1.000000e+000	4.240041e-002	-2.759872e-001	1.290317e-001	2.000000e+006
8.013797716067265e-001	1.000000e+000	4.231431e-002	-2.768482e-001	1.290317e-001	2.000000e+006
8.023563341067265e-001	1.000000e+000	4.218492e-002	-2.781422e-001	1.290317e-001	2.000000e+006
8.213295483924408e-001	1.000000e+000	3.985322e-002	-3.014590e-001	1.290317e-001	2.000000e+006
8.403027626781551e-001	1.000000e+000	3.770561e-002	-3.229350e-001	1.290317e-001	2.000000e+006
8.592759769638694e-001	1.000000e+000	3.574209e-002	-3.425701e-001	1.290318e-001	2.000000e+006
8.782491912495837e-001	1.000000e+000	3.396267e-002	-3.603642e-001	1.290318e-001	2.000000e+006
8.972224055352980e-001	1.000000e+000	3.236733e-002	-3.763175e-001	1.290318e-001	2.000000e+006
9.161956198210122e-001	1.000000e+000	3.095609e-002	-3.904299e-001	1.290318e-001	2.000000e+006
9.351688341067265e-001	1.000000e+000	2.972894e-002	-4.027014e-001	1.290318e-001	2.000000e+006
9.507938341067265e-001	1.000000e+000	2.877606e-002	-4.122301e-001	1.290318e-001	2.000000e+006
9.576297716067265e-001	1.000000e+000	2.838553e-002	-4.161354e-001	1.290318e-001	2.000000e+006
9.644657091067265e-001	1.000000e+000	2.800818e-002	-4.199089e-001	1.290318e-001	2.000000e+006
9.713016466067265e-001	1.000000e+000	2.764403e-002	-4.235504e-001	1.290318e-001	2.000000e+006
9.781375841067265e-001	1.000000e+000	2.729307e-002	-4.270600e-001	1.290318e-001	2.000000e+006
9.849735216067265e-001	1.000000e+000	2.695529e-002	-4.304377e-001	1.290318e-001	2.000000e+006
9.918094591067265e-001	1.000000e+000	2.663071e-002	-4.336835e-001	1.290318e-001	2.000000e+006
9.986453966067265e-001	1.000000e+000	2.631931e-002	-4.367974e-001	1.290318e-001	2.000000e+006
9.996219591067265e-001	1.000000e+000	2.627557e-002	-4.372349e-001	1.290318e-001	2.000000e+006
1.000000000000000e+000	1.000000e+000	2.625869e-002	-4.374037e-001	1.290318e-001	2.000000e+006
