0.04900, 0.01
0.05000, 0.01
0.10000, 0.01
0.10100, 0.01
0.14900, 0.01
0.15000, 0.15
0.20000, 0.15
0.20100, 0.01
0.24900, 0.01
0.25000, 0.01
0.30000, 0.01
0.30100, 0.01
0.34900, 0.01
0.35000, 0.01
0.40000, 0.01
0.40100, 0.01
0.44900, 0.01
0.45000, 0.01
0.50000, 0.01
0.50100, 0.01
0.54900, 0.01
0.55000, 0.01
0.60000, 0.01
0.60100, 0.01
0.64900, 0.01
0.65000, 0.15
0.70000, 0.15
0.70100, 0.01
0.74900, 0.01
0.75000, 0.01
0.80000, 0.01
0.80100, 0.01
0.84900, 0.01
0.85000, 0.15
0.90000, 0.15
0.90100, 0.01
0.94900, 0.01
0.95000, 0.01
1.00000, 0.01
1.00100, 0.01
1.04900, 0.01
1.05000, 0.01
1.10000, 0.01
1.10100, 0.01
1.14900, 0.01
1.15000, 0.01
1.20000, 0.01
1.20100, 0.01
1.24900, 0.01
1.25000, 0.01
1.30000, 0.01
1.30100, 0.01
1.34900, 0.01
1.35000, 0.15
1.40000, 0.15
1.40100, 0.01
1.44900, 0.01
1.45000, 0.01
1.50000, 0.01
1.50100, 0.01
1.54900, 0.01
1.55000, 0.01
1.60000, 0.01
1.60100, 0.01
1.64900, 0.01
1.65000, 0.01
1.70000, 0.01
1.70100, 0.01
1.74900, 0.01
1.75000, 0.15
1.80000, 0.15
1.80100, 0.01
1.84900, 0.01
1.85000, 0.15
1.90000, 0.15
1.90100, 0.01
1.94900, 0.01
1.95000, 0.15
2.00000, 0.15
2.00100, 0.01
2.04900, 0.01
2.05000, 0.01
2.10000, 0.01
2.10100, 0.01
2.14900, 0.01
2.15000, 0.01
2.20000, 0.01
2.20100, 0.01
2.24900, 0.01
2.25000, 0.01
2.30000, 0.01
2.30100, 0.01
2.34900, 0.01
2.35000, 0.01
2.40000, 0.01
2.40100, 0.01
2.44900, 0.01
2.45000, 0.01
2.50000, 0.01
2.50100, 0.01
2.54900, 0.01
2.55000, 0.15
2.60000, 0.15
2.60100, 0.01
2.64900, 0.01
2.65000, 0.01
2.70000, 0.01
2.70100, 0.01
2.74900, 0.01
2.75000, 0.01
2.80000, 0.01
2.80100, 0.01
2.84900, 0.01
2.85000, 0.01
2.90000, 0.01
2.90100, 0.01
2.94900, 0.01
2.95000, 0.15
3.00000, 0.15
3.00100, 0.01
3.04900, 0.01
3.05000, 0.01
3.10000, 0.01
3.10100, 0.01
3.14900, 0.01
3.15000, 0.01
3.20000, 0.01
3.20100, 0.01
3.24900, 0.01
3.25000, 0.15
3.30000, 0.15
3.30100, 0.01
3.34900, 0.01
3.35000, 0.01
3.40000, 0.01
3.40100, 0.01
3.44900, 0.01
3.45000, 0.01
3.50000, 0.01
3.50100, 0.01
3.54900, 0.01
3.55000, 0.15
3.60000, 0.15
3.60100, 0.01
3.64900, 0.01
3.65000, 0.01
3.70000, 0.01
3.70100, 0.01
3.74900, 0.01
3.75000, 0.15
3.80000, 0.15
3.80100, 0.01
3.84900, 0.01
3.85000, 0.01
3.90000, 0.01
3.90100, 0.01
3.94900, 0.01
3.95000, 0.15
4.00000, 0.15
4.00100, 0.01
4.04900, 0.01
4.05000, 0.01
4.10000, 0.01
4.10100, 0.01
4.14900, 0.01
4.15000, 0.01
4.20000, 0.01
4.20100, 0.01
4.24900, 0.01
4.25000, 0.01
4.30000, 0.01
4.30100, 0.01
4.34900, 0.01
4.35000, 0.01
4.40000, 0.01
4.40100, 0.01
4.44900, 0.01
4.45000, 0.01
4.50000, 0.01
4.50100, 0.01
4.54900, 0.01
4.55000, 0.01
4.60000, 0.01
4.60100, 0.01
4.64900, 0.01
4.65000, 0.01
4.70000, 0.01
4.70100, 0.01
4.74900, 0.01
4.75000, 0.01
4.80000, 0.01
4.80100, 0.01
4.84900, 0.01
4.85000, 0.15
4.90000, 0.15
4.90100, 0.01
4.94900, 0.01
4.95000, 0.01
5.00000, 0.01
5.00100, 0.01
5.04900, 0.01
5.05000, 0.15
5.10000, 0.15
5.10100, 0.01
5.14900, 0.01
5.15000, 0.01
5.20000, 0.01
5.20100, 0.01
5.24900, 0.01
5.25000, 0.01
5.30000, 0.01
5.30100, 0.01
5.34900, 0.01
5.35000, 0.01
5.40000, 0.01
5.40100, 0.01
5.44900, 0.01
5.45000, 0.15
5.50000, 0.15
5.50100, 0.01
5.54900, 0.01
5.55000, 0.01
5.60000, 0.01
5.60100, 0.01
5.64900, 0.01
5.65000, 0.01
5.70000, 0.01
5.70100, 0.01
5.74900, 0.01
5.75000, 0.01
5.80000, 0.01
5.80100, 0.01
5.84900, 0.01
5.85000, 0.15
5.90000, 0.15
5.90100, 0.01
5.94900, 0.01
5.95000, 0.01
6.00000, 0.01
6.00100, 0.01
6.04900, 0.01
6.05000, 0.01
6.10000, 0.01
6.10100, 0.01
6.14900, 0.01
6.15000, 0.15
6.20000, 0.15
6.20100, 0.01
6.24900, 0.01
6.25000, 0.01
6.30000, 0.01
6.30100, 0.01
6.34900, 0.01
6.35000, 0.15
6.40000, 0.15
6.40100, 0.01
6.44900, 0.01
6.45000, 0.01
6.50000, 0.01
6.50100, 0.01
6.54900, 0.01
6.55000, 0.01
6.60000, 0.01
6.60100, 0.01
6.64900, 0.01
6.65000, 0.01
6.70000, 0.01
6.70100, 0.01
6.74900, 0.01
6.75000, 0.01
6.80000, 0.01
6.80100, 0.01
6.84900, 0.01
6.85000, 0.01
6.90000, 0.01
6.90100, 0.01
6.94900, 0.01
6.95000, 0.01
7.00000, 0.01
7.00100, 0.01
7.04900, 0.01
7.05000, 0.01
7.10000, 0.01
7.10100, 0.01
7.14900, 0.01
7.15000, 0.15
7.20000, 0.15
7.20100, 0.01
7.24900, 0.01
7.25000, 0.01
7.30000, 0.01
7.30100, 0.01
7.34900, 0.01
7.35000, 0.01
7.40000, 0.01
7.40100, 0.01
7.44900, 0.01
7.45000, 0.01
7.50000, 0.01
7.50100, 0.01
7.54900, 0.01
7.55000, 0.01
7.60000, 0.01
7.60100, 0.01
7.64900, 0.01
7.65000, 0.01
7.70000, 0.01
7.70100, 0.01
7.74900, 0.01
7.75000, 0.01
7.80000, 0.01
7.80100, 0.01
7.84900, 0.01
7.85000, 0.01
7.90000, 0.01
7.90100, 0.01
7.94900, 0.01
7.95000, 0.01
8.00000, 0.01
8.00100, 0.01
8.04900, 0.01
8.05000, 0.15
8.10000, 0.15
8.10100, 0.01
8.14900, 0.01
8.15000, 0.01
8.20000, 0.01
8.20100, 0.01
8.24900, 0.01
8.25000, 0.01
8.30000, 0.01
8.30100, 0.01
8.34900, 0.01
8.35000, 0.01
8.40000, 0.01
8.40100, 0.01
8.44900, 0.01
8.45000, 0.15
8.50000, 0.15
8.50100, 0.01
8.54900, 0.01
8.55000, 0.01
8.60000, 0.01
8.60100, 0.01
8.64900, 0.01
8.65000, 0.01
8.70000, 0.01
8.70100, 0.01
8.74900, 0.01
8.75000, 0.01
8.80000, 0.01
8.80100, 0.01
8.84900, 0.01
8.85000, 0.01
8.90000, 0.01
8.90100, 0.01
8.94900, 0.01
8.95000, 0.01
9.00000, 0.01
9.00100, 0.01
9.04900, 0.01
9.05000, 0.01
9.10000, 0.01
9.10100, 0.01
9.14900, 0.01
9.15000, 0.01
9.20000, 0.01
9.20100, 0.01
9.24900, 0.01
9.25000, 0.01
9.30000, 0.01
9.30100, 0.01
9.34900, 0.01
9.35000, 0.01
9.40000, 0.01
9.40100, 0.01
9.44900, 0.01
9.45000, 0.01
9.50000, 0.01
9.50100, 0.01
9.54900, 0.01
9.55000, 0.15
9.60000, 0.15
9.60100, 0.01
9.64900, 0.01
9.65000, 0.15
9.70000, 0.15
9.70100, 0.01
9.74900, 0.01
9.75000, 0.15
9.80000, 0.15
9.80100, 0.01
9.84900, 0.01
9.85000, 0.01
9.90000, 0.01
9.90100, 0.01
9.94900, 0.01
9.95000, 0.01
10.00000, 0.01
10.00100, 0.01
10.04900, 0.01
10.05000, 0.01
10.10000, 0.01
10.10100, 0.01
10.14900, 0.01
10.15000, 0.15
10.20000, 0.15
10.20100, 0.01
10.24900, 0.01
10.25000, 0.01
10.30000, 0.01
10.30100, 0.01
10.34900, 0.01
10.35000, 0.01
10.40000, 0.01
10.40100, 0.01
10.44900, 0.01
10.45000, 0.15
10.50000, 0.15
10.50100, 0.01
10.54900, 0.01
10.55000, 0.01
10.60000, 0.01
10.60100, 0.01
10.64900, 0.01
10.65000, 0.15
10.70000, 0.15
10.70100, 0.01
10.74900, 0.01
10.75000, 0.15
10.80000, 0.15
10.80100, 0.01
10.84900, 0.01
10.85000, 0.01
10.90000, 0.01
10.90100, 0.01
10.94900, 0.01
10.95000, 0.01
11.00000, 0.01
11.00100, 0.01
11.04900, 0.01
11.05000, 0.01
11.10000, 0.01
11.10100, 0.01
11.14900, 0.01
11.15000, 0.15
11.20000, 0.15
11.20100, 0.01
11.24900, 0.01
11.25000, 0.01
11.30000, 0.01
11.30100, 0.01
11.34900, 0.01
11.35000, 0.01
11.40000, 0.01
11.40100, 0.01
11.44900, 0.01
11.45000, 0.01
11.50000, 0.01
11.50100, 0.01
11.54900, 0.01
11.55000, 0.01
11.60000, 0.01
11.60100, 0.01
11.64900, 0.01
11.65000, 0.15
11.70000, 0.15
11.70100, 0.01
11.74900, 0.01
11.75000, 0.01
11.80000, 0.01
11.80100, 0.01
11.84900, 0.01
11.85000, 0.15
11.90000, 0.15
11.90100, 0.01
11.94900, 0.01
11.95000, 0.15
12.00000, 0.15
12.00100, 0.01
12.04900, 0.01
12.05000, 0.01
12.10000, 0.01
12.10100, 0.01
12.14900, 0.01
12.15000, 0.01
12.20000, 0.01
12.20100, 0.01
12.24900, 0.01
12.25000, 0.15
12.30000, 0.15
12.30100, 0.01
12.34900, 0.01
12.35000, 0.01
12.40000, 0.01
12.40100, 0.01
12.44900, 0.01
12.45000, 0.01
12.50000, 0.01
12.50100, 0.01
12.54900, 0.01
12.55000, 0.15
12.60000, 0.15
12.60100, 0.01
12.64900, 0.01
12.65000, 0.01
12.70000, 0.01
12.70100, 0.01
12.74900, 0.01
12.75000, 0.15
12.80000, 0.15
12.80100, 0.01
12.84900, 0.01
12.85000, 0.15
12.90000, 0.15
12.90100, 0.01
12.94900, 0.01
12.95000, 0.01
13.00000, 0.01
13.00100, 0.01
13.04900, 0.01
13.05000, 0.01
13.10000, 0.01
13.10100, 0.01
13.14900, 0.01
13.15000, 0.15
13.20000, 0.15
13.20100, 0.01
13.24900, 0.01
13.25000, 0.01
13.30000, 0.01
13.30100, 0.01
13.34900, 0.01
13.35000, 0.01
13.40000, 0.01
13.40100, 0.01
13.44900, 0.01
13.45000, 0.01
13.50000, 0.01
13.50100, 0.01
13.54900, 0.01
13.55000, 0.01
13.60000, 0.01
13.60100, 0.01
13.64900, 0.01
13.65000, 0.01
13.70000, 0.01
13.70100, 0.01
13.74900, 0.01
13.75000, 0.15
13.80000, 0.15
13.80100, 0.01
13.84900, 0.01
13.85000, 0.15
13.90000, 0.15
13.90100, 0.01
13.94900, 0.01
13.95000, 0.01
14.00000, 0.01
14.00100, 0.01
14.04900, 0.01
14.05000, 0.01
14.10000, 0.01
14.10100, 0.01
14.14900, 0.01
14.15000, 0.01
14.20000, 0.01
14.20100, 0.01
14.24900, 0.01
14.25000, 0.01
14.30000, 0.01
14.30100, 0.01
14.34900, 0.01
14.35000, 0.01
14.40000, 0.01
14.40100, 0.01
14.44900, 0.01
14.45000, 0.01
14.50000, 0.01
14.50100, 0.01
14.54900, 0.01
14.55000, 0.15
14.60000, 0.15
14.60100, 0.01
14.64900, 0.01
14.65000, 0.01
14.70000, 0.01
14.70100, 0.01
14.74900, 0.01
14.75000, 0.01
14.80000, 0.01
14.80100, 0.01
14.84900, 0.01
14.85000, 0.01
14.90000, 0.01
14.90100, 0.01
14.94900, 0.01
14.95000, 0.15
15.00000, 0.15
15.00100, 0.01
15.04900, 0.01
15.05000, 0.01
15.10000, 0.01
15.10100, 0.01
15.14900, 0.01
15.15000, 0.01
15.20000, 0.01
15.20100, 0.01
15.24900, 0.01
15.25000, 0.15
15.30000, 0.15
15.30100, 0.01
15.34900, 0.01
15.35000, 0.01
15.40000, 0.01
15.40100, 0.01
15.44900, 0.01
15.45000, 0.15
15.50000, 0.15
15.50100, 0.01
15.54900, 0.01
15.55000, 0.01
15.60000, 0.01
15.60100, 0.01
15.64900, 0.01
15.65000, 0.01
15.70000, 0.01
15.70100, 0.01
15.74900, 0.01
15.75000, 0.01
15.80000, 0.01
15.80100, 0.01
15.84900, 0.01
15.85000, 0.01
15.90000, 0.01
15.90100, 0.01
15.94900, 0.01
15.95000, 0.01
16.00000, 0.01
16.00100, 0.01
16.04900, 0.01
16.05000, 0.01
16.10000, 0.01
16.10100, 0.01
16.14900, 0.01
16.15000, 0.01
16.20000, 0.01
16.20100, 0.01
16.24900, 0.01
16.25000, 0.01
16.30000, 0.01
16.30100, 0.01
16.34900, 0.01
16.35000, 0.01
16.40000, 0.01
16.40100, 0.01
16.44900, 0.01
16.45000, 0.01
16.50000, 0.01
16.50100, 0.01
16.54900, 0.01
16.55000, 0.15
16.60000, 0.15
16.60100, 0.01
16.64900, 0.01
16.65000, 0.01
16.70000, 0.01
16.70100, 0.01
16.74900, 0.01
16.75000, 0.01
16.80000, 0.01
16.80100, 0.01
16.84900, 0.01
16.85000, 0.01
16.90000, 0.01
16.90100, 0.01
16.94900, 0.01
16.95000, 0.15
17.00000, 0.15
17.00100, 0.01
17.04900, 0.01
17.05000, 0.01
17.10000, 0.01
17.10100, 0.01
17.14900, 0.01
17.15000, 0.01
17.20000, 0.01
17.20100, 0.01
17.24900, 0.01
17.25000, 0.01
17.30000, 0.01
17.30100, 0.01
17.34900, 0.01
17.35000, 0.01
17.40000, 0.01
17.40100, 0.01
17.44900, 0.01
17.45000, 0.01
17.50000, 0.01
17.50100, 0.01
17.54900, 0.01
17.55000, 0.01
17.60000, 0.01
17.60100, 0.01
17.64900, 0.01
17.65000, 0.01
17.70000, 0.01
17.70100, 0.01
17.74900, 0.01
17.75000, 0.01
17.80000, 0.01
17.80100, 0.01
17.84900, 0.01
17.85000, 0.01
17.90000, 0.01
17.90100, 0.01
17.94900, 0.01
17.95000, 0.15
18.00000, 0.15
18.00100, 0.01
18.04900, 0.01
18.05000, 0.01
18.10000, 0.01
18.10100, 0.01
18.14900, 0.01
18.15000, 0.01
18.20000, 0.01
18.20100, 0.01
18.24900, 0.01
18.25000, 0.01
18.30000, 0.01
18.30100, 0.01
18.34900, 0.01
18.35000, 0.01
18.40000, 0.01
18.40100, 0.01
18.44900, 0.01
18.45000, 0.01
18.50000, 0.01
18.50100, 0.01
18.54900, 0.01
18.55000, 0.01
18.60000, 0.01
18.60100, 0.01
18.64900, 0.01
18.65000, 0.15
18.70000, 0.15
18.70100, 0.01
18.74900, 0.01
18.75000, 0.01
18.80000, 0.01
18.80100, 0.01
18.84900, 0.01
18.85000, 0.01
18.90000, 0.01
18.90100, 0.01
18.94900, 0.01
18.95000, 0.01
19.00000, 0.01
19.00100, 0.01
19.04900, 0.01
19.05000, 0.01
19.10000, 0.01
19.10100, 0.01
19.14900, 0.01
19.15000, 0.15
19.20000, 0.15
19.20100, 0.01
19.24900, 0.01
19.25000, 0.15
19.30000, 0.15
19.30100, 0.01
19.34900, 0.01
19.35000, 0.01
19.40000, 0.01
19.40100, 0.01
19.44900, 0.01
19.45000, 0.15
19.50000, 0.15
19.50100, 0.01
19.54900, 0.01
19.55000, 0.01
19.60000, 0.01
19.60100, 0.01
19.64900, 0.01
19.65000, 0.01
19.70000, 0.01
19.70100, 0.01
19.74900, 0.01
19.75000, 0.01
19.80000, 0.01
19.80100, 0.01
19.84900, 0.01
19.85000, 0.01
19.90000, 0.01
19.90100, 0.01
19.94900, 0.01
19.95000, 0.01
20.00000, 0.01
20.00100, 0.01
20.04900, 0.01
20.05000, 0.01
20.10000, 0.01
20.10100, 0.01
20.14900, 0.01
20.15000, 0.15
20.20000, 0.15
20.20100, 0.01
20.24900, 0.01
20.25000, 0.01
20.30000, 0.01
20.30100, 0.01
20.34900, 0.01
20.35000, 0.01
20.40000, 0.01
20.40100, 0.01
20.44900, 0.01
20.45000, 0.01
20.50000, 0.01
20.50100, 0.01
20.54900, 0.01
20.55000, 0.01
20.60000, 0.01
20.60100, 0.01
20.64900, 0.01
20.65000, 0.01
20.70000, 0.01
20.70100, 0.01
20.74900, 0.01
20.75000, 0.01
20.80000, 0.01
20.80100, 0.01
20.84900, 0.01
20.85000, 0.01
20.90000, 0.01
20.90100, 0.01
20.94900, 0.01
20.95000, 0.15
21.00000, 0.15
21.00100, 0.01
21.04900, 0.01
21.05000, 0.15
21.10000, 0.15
21.10100, 0.01
21.14900, 0.01
21.15000, 0.01
21.20000, 0.01
21.20100, 0.01
21.24900, 0.01
21.25000, 0.01
21.30000, 0.01
21.30100, 0.01
21.34900, 0.01
21.35000, 0.01
21.40000, 0.01
21.40100, 0.01
21.44900, 0.01
21.45000, 0.15
21.50000, 0.15
21.50100, 0.01
21.54900, 0.01
21.55000, 0.01
21.60000, 0.01
21.60100, 0.01
21.64900, 0.01
21.65000, 0.01
21.70000, 0.01
21.70100, 0.01
21.74900, 0.01
21.75000, 0.01
21.80000, 0.01
21.80100, 0.01
21.84900, 0.01
21.85000, 0.15
21.90000, 0.15
21.90100, 0.01
21.94900, 0.01
21.95000, 0.01
22.00000, 0.01
22.00100, 0.01
22.04900, 0.01
22.05000, 0.01
22.10000, 0.01
22.10100, 0.01
22.14900, 0.01
22.15000, 0.01
22.20000, 0.01
22.20100, 0.01
22.24900, 0.01
22.25000, 0.15
22.30000, 0.15
22.30100, 0.01
22.34900, 0.01
22.35000, 0.01
22.40000, 0.01
22.40100, 0.01
22.44900, 0.01
22.45000, 0.01
22.50000, 0.01
22.50100, 0.01
22.54900, 0.01
22.55000, 0.01
22.60000, 0.01
22.60100, 0.01
22.64900, 0.01
22.65000, 0.01
22.70000, 0.01
22.70100, 0.01
22.74900, 0.01
22.75000, 0.01
22.80000, 0.01
22.80100, 0.01
22.84900, 0.01
22.85000, 0.01
22.90000, 0.01
22.90100, 0.01
22.94900, 0.01
22.95000, 0.01
23.00000, 0.01
23.00100, 0.01
23.04900, 0.01
23.05000, 0.01
23.10000, 0.01
23.10100, 0.01
23.14900, 0.01
23.15000, 0.01
23.20000, 0.01
23.20100, 0.01
23.24900, 0.01
23.25000, 0.01
23.30000, 0.01
23.30100, 0.01
23.34900, 0.01
23.35000, 0.15
23.40000, 0.15
23.40100, 0.01
23.44900, 0.01
23.45000, 0.01
23.50000, 0.01
23.50100, 0.01
23.54900, 0.01
23.55000, 0.01
23.60000, 0.01
23.60100, 0.01
23.64900, 0.01
23.65000, 0.01
23.70000, 0.01
23.70100, 0.01
23.74900, 0.01
23.75000, 0.01
23.80000, 0.01
23.80100, 0.01
23.84900, 0.01
23.85000, 0.15
23.90000, 0.15
23.90100, 0.01
23.94900, 0.01
23.95000, 0.01
24.00000, 0.01
24.00100, 0.01
24.04900, 0.01
24.05000, 0.01
24.10000, 0.01
24.10100, 0.01
24.14900, 0.01
24.15000, 0.01
24.20000, 0.01
24.20100, 0.01
24.24900, 0.01
24.25000, 0.01
24.30000, 0.01
24.30100, 0.01
24.34900, 0.01
24.35000, 0.01
24.40000, 0.01
24.40100, 0.01
24.44900, 0.01
24.45000, 0.15
24.50000, 0.15
24.50100, 0.01
24.54900, 0.01
24.55000, 0.01
24.60000, 0.01
24.60100, 0.01
24.64900, 0.01
24.65000, 0.01
24.70000, 0.01
24.70100, 0.01
24.74900, 0.01
24.75000, 0.01
24.80000, 0.01
24.80100, 0.01
24.84900, 0.01
24.85000, 0.01
24.90000, 0.01
24.90100, 0.01
24.94900, 0.01
24.95000, 0.01
25.00000, 0.01
25.00100, 0.01
25.04900, 0.01
25.05000, 0.01
25.10000, 0.01
25.10100, 0.01
25.14900, 0.01
25.15000, 0.01
25.20000, 0.01
25.20100, 0.01
25.24900, 0.01
25.25000, 0.01
25.30000, 0.01
25.30100, 0.01
25.34900, 0.01
25.35000, 0.15
25.40000, 0.15
25.40100, 0.01
25.44900, 0.01
25.45000, 0.01
25.50000, 0.01
25.50100, 0.01
25.54900, 0.01
25.55000, 0.01
25.60000, 0.01
25.60100, 0.01
25.64900, 0.01
25.65000, 0.01
25.70000, 0.01
25.70100, 0.01
25.74900, 0.01
25.75000, 0.15
25.80000, 0.15
25.80100, 0.01
25.84900, 0.01
25.85000, 0.15
25.90000, 0.15
25.90100, 0.01
25.94900, 0.01
25.95000, 0.01
26.00000, 0.01
26.00100, 0.01
26.04900, 0.01
26.05000, 0.01
26.10000, 0.01
26.10100, 0.01
26.14900, 0.01
26.15000, 0.15
26.20000, 0.15
26.20100, 0.01
26.24900, 0.01
26.25000, 0.01
26.30000, 0.01
26.30100, 0.01
26.34900, 0.01
26.35000, 0.01
26.40000, 0.01
26.40100, 0.01
26.44900, 0.01
26.45000, 0.01
26.50000, 0.01
26.50100, 0.01
26.54900, 0.01
26.55000, 0.01
26.60000, 0.01
26.60100, 0.01
26.64900, 0.01
26.65000, 0.01
26.70000, 0.01
26.70100, 0.01
26.74900, 0.01
26.75000, 0.01
26.80000, 0.01
26.80100, 0.01
26.84900, 0.01
26.85000, 0.01
26.90000, 0.01
26.90100, 0.01
26.94900, 0.01
26.95000, 0.01
27.00000, 0.01
27.00100, 0.01
27.04900, 0.01
27.05000, 0.15
27.10000, 0.15
27.10100, 0.01
27.14900, 0.01
27.15000, 0.01
27.20000, 0.01
27.20100, 0.01
27.24900, 0.01
27.25000, 0.01
27.30000, 0.01
27.30100, 0.01
27.34900, 0.01
27.35000, 0.15
27.40000, 0.15
27.40100, 0.01
27.44900, 0.01
27.45000, 0.01
27.50000, 0.01
27.50100, 0.01
27.54900, 0.01
27.55000, 0.15
27.60000, 0.15
27.60100, 0.01
27.64900, 0.01
27.65000, 0.15
27.70000, 0.15
27.70100, 0.01
27.74900, 0.01
27.75000, 0.15
27.80000, 0.15
27.80100, 0.01
27.84900, 0.01
27.85000, 0.15
27.90000, 0.15
27.90100, 0.01
27.94900, 0.01
27.95000, 0.01
28.00000, 0.01
28.00100, 0.01
28.04900, 0.01
28.05000, 0.01
28.10000, 0.01
28.10100, 0.01
28.14900, 0.01
28.15000, 0.01
28.20000, 0.01
28.20100, 0.01
28.24900, 0.01
28.25000, 0.01
28.30000, 0.01
28.30100, 0.01
28.34900, 0.01
28.35000, 0.15
28.40000, 0.15
28.40100, 0.01
28.44900, 0.01
28.45000, 0.01
28.50000, 0.01
28.50100, 0.01
28.54900, 0.01
28.55000, 0.01
28.60000, 0.01
28.60100, 0.01
28.64900, 0.01
28.65000, 0.15
28.70000, 0.15
28.70100, 0.01
28.74900, 0.01
28.75000, 0.01
28.80000, 0.01
28.80100, 0.01
28.84900, 0.01
28.85000, 0.01
28.90000, 0.01
28.90100, 0.01
28.94900, 0.01
28.95000, 0.01
29.00000, 0.01
29.00100, 0.01
29.04900, 0.01
29.05000, 0.01
29.10000, 0.01
29.10100, 0.01
29.14900, 0.01
29.15000, 0.01
29.20000, 0.01
29.20100, 0.01
29.24900, 0.01
29.25000, 0.15
29.30000, 0.15
29.30100, 0.01
29.34900, 0.01
29.35000, 0.01
29.40000, 0.01
29.40100, 0.01
29.44900, 0.01
29.45000, 0.01
29.50000, 0.01
29.50100, 0.01
29.54900, 0.01
29.55000, 0.01
29.60000, 0.01
29.60100, 0.01
29.64900, 0.01
29.65000, 0.01
29.70000, 0.01
29.70100, 0.01
29.74900, 0.01
29.75000, 0.01
29.80000, 0.01
29.80100, 0.01
29.84900, 0.01
29.85000, 0.15
29.90000, 0.15
29.90100, 0.01
29.94900, 0.01
29.95000, 0.01
30.00000, 0.01
30.00100, 0.01
30.04900, 0.01
30.05000, 0.01
30.10000, 0.01
30.10100, 0.01
30.14900, 0.01
30.15000, 0.15
30.20000, 0.15
30.20100, 0.01
30.24900, 0.01
30.25000, 0.15
30.30000, 0.15
30.30100, 0.01
30.34900, 0.01
30.35000, 0.01
30.40000, 0.01
30.40100, 0.01
30.44900, 0.01
30.45000, 0.01
30.50000, 0.01
30.50100, 0.01
30.54900, 0.01
30.55000, 0.15
30.60000, 0.15
30.60100, 0.01
30.64900, 0.01
30.65000, 0.01
30.70000, 0.01
30.70100, 0.01
30.74900, 0.01
30.75000, 0.01
30.80000, 0.01
30.80100, 0.01
30.84900, 0.01
30.85000, 0.15
30.90000, 0.15
30.90100, 0.01
30.94900, 0.01
30.95000, 0.15
31.00000, 0.15
31.00100, 0.01
31.04900, 0.01
31.05000, 0.01
31.10000, 0.01
31.10100, 0.01
31.14900, 0.01
31.15000, 0.01
31.20000, 0.01
31.20100, 0.01
31.24900, 0.01
31.25000, 0.01
31.30000, 0.01
31.30100, 0.01
31.34900, 0.01
31.35000, 0.01
31.40000, 0.01
31.40100, 0.01
31.44900, 0.01
31.45000, 0.01
31.50000, 0.01
31.50100, 0.01
31.54900, 0.01
31.55000, 0.15
31.60000, 0.15
31.60100, 0.01
31.64900, 0.01
31.65000, 0.01
31.70000, 0.01
31.70100, 0.01
31.74900, 0.01
31.75000, 0.01
31.80000, 0.01
31.80100, 0.01
31.84900, 0.01
31.85000, 0.01
31.90000, 0.01
31.90100, 0.01
31.94900, 0.01
31.95000, 0.01
32.00000, 0.01
32.00100, 0.01
32.04900, 0.01
32.05000, 0.01
32.10000, 0.01
32.10100, 0.01
32.14900, 0.01
32.15000, 0.15
32.20000, 0.15
32.20100, 0.01
32.24900, 0.01
32.25000, 0.01
32.30000, 0.01
32.30100, 0.01
32.34900, 0.01
32.35000, 0.15
32.40000, 0.15
32.40100, 0.01
32.44900, 0.01
32.45000, 0.01
32.50000, 0.01
32.50100, 0.01
32.54900, 0.01
32.55000, 0.01
32.60000, 0.01
32.60100, 0.01
32.64900, 0.01
32.65000, 0.01
32.70000, 0.01
32.70100, 0.01
32.74900, 0.01
32.75000, 0.01
32.80000, 0.01
32.80100, 0.01
32.84900, 0.01
32.85000, 0.01
32.90000, 0.01
32.90100, 0.01
32.94900, 0.01
32.95000, 0.01
33.00000, 0.01
33.00100, 0.01
33.04900, 0.01
33.05000, 0.15
33.10000, 0.15
33.10100, 0.01
33.14900, 0.01
33.15000, 0.01
33.20000, 0.01
33.20100, 0.01
33.24900, 0.01
33.25000, 0.01
33.30000, 0.01
33.30100, 0.01
33.34900, 0.01
33.35000, 0.01
33.40000, 0.01
33.40100, 0.01
33.44900, 0.01
33.45000, 0.01
33.50000, 0.01
33.50100, 0.01
33.54900, 0.01
33.55000, 0.01
33.60000, 0.01
33.60100, 0.01
33.64900, 0.01
33.65000, 0.01
33.70000, 0.01
33.70100, 0.01
33.74900, 0.01
33.75000, 0.01
33.80000, 0.01
33.80100, 0.01
33.84900, 0.01
33.85000, 0.15
33.90000, 0.15
33.90100, 0.01
33.94900, 0.01
33.95000, 0.01
34.00000, 0.01
34.00100, 0.01
34.04900, 0.01
34.05000, 0.15
34.10000, 0.15
34.10100, 0.01
34.14900, 0.01
34.15000, 0.01
34.20000, 0.01
34.20100, 0.01
34.24900, 0.01
34.25000, 0.01
34.30000, 0.01
34.30100, 0.01
34.34900, 0.01
34.35000, 0.01
34.40000, 0.01
34.40100, 0.01
34.44900, 0.01
34.45000, 0.01
34.50000, 0.01
34.50100, 0.01
34.54900, 0.01
34.55000, 0.01
34.60000, 0.01
34.60100, 0.01
34.64900, 0.01
34.65000, 0.01
34.70000, 0.01
34.70100, 0.01
34.74900, 0.01
34.75000, 0.01
34.80000, 0.01
34.80100, 0.01
34.84900, 0.01
34.85000, 0.15
34.90000, 0.15
34.90100, 0.01
34.94900, 0.01
34.95000, 0.01
35.00000, 0.01
35.00100, 0.01
35.04900, 0.01
35.05000, 0.15
35.10000, 0.15
35.10100, 0.01
35.14900, 0.01
35.15000, 0.01
35.20000, 0.01
35.20100, 0.01
35.24900, 0.01
35.25000, 0.01
35.30000, 0.01
35.30100, 0.01
35.34900, 0.01
35.35000, 0.01
35.40000, 0.01
35.40100, 0.01
35.44900, 0.01
35.45000, 0.15
35.50000, 0.15
35.50100, 0.01
35.54900, 0.01
35.55000, 0.01
35.60000, 0.01
35.60100, 0.01
35.64900, 0.01
35.65000, 0.01
35.70000, 0.01
35.70100, 0.01
35.74900, 0.01
35.75000, 0.15
35.80000, 0.15
35.80100, 0.01
35.84900, 0.01
35.85000, 0.15
35.90000, 0.15
35.90100, 0.01
35.94900, 0.01
35.95000, 0.15
36.00000, 0.15
36.00100, 0.01
36.04900, 0.01
36.05000, 0.15
36.10000, 0.15
36.10100, 0.01
36.14900, 0.01
36.15000, 0.15
36.20000, 0.15
36.20100, 0.01
36.24900, 0.01
36.25000, 0.15
36.30000, 0.15
36.30100, 0.01
36.34900, 0.01
36.35000, 0.01
36.40000, 0.01
36.40100, 0.01
36.44900, 0.01
36.45000, 0.01
36.50000, 0.01
36.50100, 0.01
36.54900, 0.01
36.55000, 0.01
36.60000, 0.01
36.60100, 0.01
36.64900, 0.01
36.65000, 0.15
36.70000, 0.15
36.70100, 0.01
36.74900, 0.01
36.75000, 0.01
36.80000, 0.01
36.80100, 0.01
36.84900, 0.01
36.85000, 0.15
36.90000, 0.15
36.90100, 0.01
36.94900, 0.01
36.95000, 0.15
37.00000, 0.15
37.00100, 0.01
37.04900, 0.01
37.05000, 0.01
37.10000, 0.01
37.10100, 0.01
37.14900, 0.01
37.15000, 0.15
37.20000, 0.15
37.20100, 0.01
37.24900, 0.01
37.25000, 0.01
37.30000, 0.01
37.30100, 0.01
37.34900, 0.01
37.35000, 0.01
37.40000, 0.01
37.40100, 0.01
37.44900, 0.01
37.45000, 0.15
37.50000, 0.15
37.50100, 0.01
37.54900, 0.01
37.55000, 0.01
37.60000, 0.01
37.60100, 0.01
37.64900, 0.01
37.65000, 0.15
37.70000, 0.15
37.70100, 0.01
37.74900, 0.01
37.75000, 0.01
37.80000, 0.01
37.80100, 0.01
37.84900, 0.01
37.85000, 0.15
37.90000, 0.15
37.90100, 0.01
37.94900, 0.01
37.95000, 0.01
38.00000, 0.01
38.00100, 0.01
38.04900, 0.01
38.05000, 0.01
38.10000, 0.01
38.10100, 0.01
38.14900, 0.01
38.15000, 0.01
38.20000, 0.01
38.20100, 0.01
38.24900, 0.01
38.25000, 0.01
38.30000, 0.01
38.30100, 0.01
38.34900, 0.01
38.35000, 0.01
38.40000, 0.01
38.40100, 0.01
38.44900, 0.01
38.45000, 0.01
38.50000, 0.01
38.50100, 0.01
38.54900, 0.01
38.55000, 0.01
38.60000, 0.01
38.60100, 0.01
38.64900, 0.01
38.65000, 0.01
38.70000, 0.01
38.70100, 0.01
38.74900, 0.01
38.75000, 0.01
38.80000, 0.01
38.80100, 0.01
38.84900, 0.01
38.85000, 0.01
38.90000, 0.01
38.90100, 0.01
38.94900, 0.01
38.95000, 0.01
39.00000, 0.01
39.00100, 0.01
39.04900, 0.01
39.05000, 0.01
39.10000, 0.01
39.10100, 0.01
39.14900, 0.01
39.15000, 0.01
39.20000, 0.01
39.20100, 0.01
39.24900, 0.01
39.25000, 0.15
39.30000, 0.15
39.30100, 0.01
39.34900, 0.01
39.35000, 0.01
39.40000, 0.01
39.40100, 0.01
39.44900, 0.01
39.45000, 0.01
39.50000, 0.01
39.50100, 0.01
39.54900, 0.01
39.55000, 0.01
39.60000, 0.01
39.60100, 0.01
39.64900, 0.01
39.65000, 0.15
39.70000, 0.15
39.70100, 0.01
39.74900, 0.01
39.75000, 0.01
39.80000, 0.01
39.80100, 0.01
39.84900, 0.01
39.85000, 0.15
39.90000, 0.15
39.90100, 0.01
39.94900, 0.01
39.95000, 0.01
40.00000, 0.01
40.00100, 0.01
40.04900, 0.01
40.05000, 0.01
40.10000, 0.01
40.10100, 0.01
40.14900, 0.01
40.15000, 0.01
40.20000, 0.01
40.20100, 0.01
40.24900, 0.01
40.25000, 0.01
40.30000, 0.01
40.30100, 0.01
40.34900, 0.01
40.35000, 0.01
40.40000, 0.01
40.40100, 0.01
40.44900, 0.01
40.45000, 0.15
40.50000, 0.15
40.50100, 0.01
40.54900, 0.01
40.55000, 0.01
40.60000, 0.01
40.60100, 0.01
40.64900, 0.01
40.65000, 0.01
40.70000, 0.01
40.70100, 0.01
40.74900, 0.01
40.75000, 0.15
40.80000, 0.15
40.80100, 0.01
40.84900, 0.01
40.85000, 0.15
40.90000, 0.15
40.90100, 0.01
40.94900, 0.01
40.95000, 0.01
41.00000, 0.01
41.00100, 0.01
41.04900, 0.01
41.05000, 0.01
41.10000, 0.01
41.10100, 0.01
41.14900, 0.01
41.15000, 0.15
41.20000, 0.15
41.20100, 0.01
41.24900, 0.01
41.25000, 0.01
41.30000, 0.01
41.30100, 0.01
41.34900, 0.01
41.35000, 0.01
41.40000, 0.01
41.40100, 0.01
41.44900, 0.01
41.45000, 0.01
41.50000, 0.01
41.50100, 0.01
41.54900, 0.01
41.55000, 0.15
41.60000, 0.15
41.60100, 0.01
41.64900, 0.01
41.65000, 0.01
41.70000, 0.01
41.70100, 0.01
41.74900, 0.01
41.75000, 0.01
41.80000, 0.01
41.80100, 0.01
41.84900, 0.01
41.85000, 0.15
41.90000, 0.15
41.90100, 0.01
41.94900, 0.01
41.95000, 0.01
42.00000, 0.01
42.00100, 0.01
42.04900, 0.01
42.05000, 0.01
42.10000, 0.01
42.10100, 0.01
42.14900, 0.01
42.15000, 0.01
42.20000, 0.01
42.20100, 0.01
42.24900, 0.01
42.25000, 0.01
42.30000, 0.01
42.30100, 0.01
42.34900, 0.01
42.35000, 0.01
42.40000, 0.01
42.40100, 0.01
42.44900, 0.01
42.45000, 0.15
42.50000, 0.15
42.50100, 0.01
42.54900, 0.01
42.55000, 0.15
42.60000, 0.15
42.60100, 0.01
42.64900, 0.01
42.65000, 0.01
42.70000, 0.01
42.70100, 0.01
42.74900, 0.01
42.75000, 0.01
42.80000, 0.01
42.80100, 0.01
42.84900, 0.01
42.85000, 0.01
42.90000, 0.01
42.90100, 0.01
42.94900, 0.01
42.95000, 0.01
43.00000, 0.01
43.00100, 0.01
43.04900, 0.01
43.05000, 0.01
43.10000, 0.01
43.10100, 0.01
43.14900, 0.01
43.15000, 0.01
43.20000, 0.01
43.20100, 0.01
43.24900, 0.01
43.25000, 0.01
43.30000, 0.01
43.30100, 0.01
43.34900, 0.01
43.35000, 0.01
43.40000, 0.01
43.40100, 0.01
43.44900, 0.01
43.45000, 0.01
43.50000, 0.01
43.50100, 0.01
43.54900, 0.01
43.55000, 0.01
43.60000, 0.01
43.60100, 0.01
43.64900, 0.01
43.65000, 0.01
43.70000, 0.01
43.70100, 0.01
43.74900, 0.01
43.75000, 0.01
43.80000, 0.01
43.80100, 0.01
43.84900, 0.01
43.85000, 0.01
43.90000, 0.01
43.90100, 0.01
43.94900, 0.01
43.95000, 0.01
44.00000, 0.01
44.00100, 0.01
44.04900, 0.01
44.05000, 0.01
44.10000, 0.01
44.10100, 0.01
44.14900, 0.01
44.15000, 0.01
44.20000, 0.01
44.20100, 0.01
44.24900, 0.01
44.25000, 0.01
44.30000, 0.01
44.30100, 0.01
44.34900, 0.01
44.35000, 0.01
44.40000, 0.01
44.40100, 0.01
44.44900, 0.01
44.45000, 0.01
44.50000, 0.01
44.50100, 0.01
44.54900, 0.01
44.55000, 0.01
44.60000, 0.01
44.60100, 0.01
44.64900, 0.01
44.65000, 0.01
44.70000, 0.01
44.70100, 0.01
44.74900, 0.01
44.75000, 0.15
44.80000, 0.15
44.80100, 0.01
44.84900, 0.01
44.85000, 0.01
44.90000, 0.01
44.90100, 0.01
44.94900, 0.01
44.95000, 0.01
45.00000, 0.01
45.00100, 0.01
45.04900, 0.01
45.05000, 0.15
45.10000, 0.15
45.10100, 0.01
45.14900, 0.01
45.15000, 0.01
45.20000, 0.01
45.20100, 0.01
45.24900, 0.01
45.25000, 0.01
45.30000, 0.01
45.30100, 0.01
45.34900, 0.01
45.35000, 0.01
45.40000, 0.01
45.40100, 0.01
45.44900, 0.01
45.45000, 0.01
45.50000, 0.01
45.50100, 0.01
45.54900, 0.01
45.55000, 0.01
45.60000, 0.01
45.60100, 0.01
45.64900, 0.01
45.65000, 0.01
45.70000, 0.01
45.70100, 0.01
45.74900, 0.01
45.75000, 0.01
45.80000, 0.01
45.80100, 0.01
45.84900, 0.01
45.85000, 0.01
45.90000, 0.01
45.90100, 0.01
45.94900, 0.01
45.95000, 0.01
46.00000, 0.01
46.00100, 0.01
46.04900, 0.01
46.05000, 0.01
46.10000, 0.01
46.10100, 0.01
46.14900, 0.01
46.15000, 0.01
46.20000, 0.01
46.20100, 0.01
46.24900, 0.01
46.25000, 0.15
46.30000, 0.15
46.30100, 0.01
46.34900, 0.01
46.35000, 0.15
46.40000, 0.15
46.40100, 0.01
46.44900, 0.01
46.45000, 0.15
46.50000, 0.15
46.50100, 0.01
46.54900, 0.01
46.55000, 0.15
46.60000, 0.15
46.60100, 0.01
46.64900, 0.01
46.65000, 0.01
46.70000, 0.01
46.70100, 0.01
46.74900, 0.01
46.75000, 0.01
46.80000, 0.01
46.80100, 0.01
46.84900, 0.01
46.85000, 0.01
46.90000, 0.01
46.90100, 0.01
46.94900, 0.01
46.95000, 0.01
47.00000, 0.01
47.00100, 0.01
47.04900, 0.01
47.05000, 0.15
47.10000, 0.15
47.10100, 0.01
47.14900, 0.01
47.15000, 0.01
47.20000, 0.01
47.20100, 0.01
47.24900, 0.01
47.25000, 0.01
47.30000, 0.01
47.30100, 0.01
47.34900, 0.01
47.35000, 0.01
47.40000, 0.01
47.40100, 0.01
47.44900, 0.01
47.45000, 0.01
47.50000, 0.01
47.50100, 0.01
47.54900, 0.01
47.55000, 0.01
47.60000, 0.01
47.60100, 0.01
47.64900, 0.01
47.65000, 0.01
47.70000, 0.01
47.70100, 0.01
47.74900, 0.01
47.75000, 0.01
47.80000, 0.01
47.80100, 0.01
47.84900, 0.01
47.85000, 0.01
47.90000, 0.01
47.90100, 0.01
47.94900, 0.01
47.95000, 0.15
48.00000, 0.15
48.00100, 0.01
48.04900, 0.01
48.05000, 0.01
48.10000, 0.01
48.10100, 0.01
48.14900, 0.01
48.15000, 0.01
48.20000, 0.01
48.20100, 0.01
48.24900, 0.01
48.25000, 0.01
48.30000, 0.01
48.30100, 0.01
48.34900, 0.01
48.35000, 0.01
48.40000, 0.01
48.40100, 0.01
48.44900, 0.01
48.45000, 0.01
48.50000, 0.01
48.50100, 0.01
48.54900, 0.01
48.55000, 0.01
48.60000, 0.01
48.60100, 0.01
48.64900, 0.01
48.65000, 0.15
48.70000, 0.15
48.70100, 0.01
48.74900, 0.01
48.75000, 0.15
48.80000, 0.15
48.80100, 0.01
48.84900, 0.01
48.85000, 0.15
48.90000, 0.15
48.90100, 0.01
48.94900, 0.01
48.95000, 0.01
49.00000, 0.01
49.00100, 0.01
49.04900, 0.01
49.05000, 0.15
49.10000, 0.15
49.10100, 0.01
49.14900, 0.01
49.15000, 0.15
49.20000, 0.15
49.20100, 0.01
49.24900, 0.01
49.25000, 0.01
49.30000, 0.01
49.30100, 0.01
49.34900, 0.01
49.35000, 0.01
49.40000, 0.01
49.40100, 0.01
49.44900, 0.01
49.45000, 0.01
49.50000, 0.01
49.50100, 0.01
49.54900, 0.01
49.55000, 0.01
49.60000, 0.01
49.60100, 0.01
49.64900, 0.01
49.65000, 0.01
49.70000, 0.01
49.70100, 0.01
49.74900, 0.01
49.75000, 0.15
49.80000, 0.15
49.80100, 0.01
49.84900, 0.01
49.85000, 0.01
49.90000, 0.01
49.90100, 0.01
49.94900, 0.01
49.95000, 0.15
50.00000, 0.15
50.00100, 0.01
